11000000000000000000100000000000
11100000000000100000000000000011
01001000001000100000000000010001
01100000000000011000000010000000
01011110000000110000000101101100
01011110000001000000000110000000
01011110000001010000000110010100
11001000011001000010100000000000
01001000101000000000000000000111
01010000101000000000000000000100
11000000011001000011000000000000
11000100110001010010100000000000
01100100000000110100001000000010
01101000000000110100001000000011
11001100100001010100000000100100
11010000100001010100000000100100
11010100100001010100000000100100
11011000100001010100000000100100
11011100100001010100000000100100
11100100100010000000000000000111
11101000100010000000000000000111
11101100100010000000000000000111
01101100000000000000000000000000
01011110000010000000000111001000
01000101000000000000000000001000
01101100000000000000000000000000
01010100000000000000000000001101
11111111111111111111111111111111
11111111111111111111111111111110
11111111111111111111111111111101
00000000000000000000000000000001
00000000000000000000000000000010
00000000000000000000000000000100
11111111111111111111111111111100
00000000000000000000000000001010
00000000000000000000000000000111
00000000000000000000000000001001
00000000000000000000000000000001
00000000000000000000000000000000
11111111111111111111111111111111
00000000000000000000000000000001
11111111111111111111111111111111
00000000000000000000000000000000
00000000000000000000000000000000
00000000000000000000000000000000
00000000000000000000000000000000
00000000000000000000000000000000
00000000000000000000000000000000
00000000000000000000000000000000
00000000000000000000000000000000
00000000000000000000000101101000
