--------------------
Cycle:1	256	ADD R1, R0, R0

Registers
R00:	0	0	0	0	0	0	0	0
R08:	0	0	0	0	0	0	0	0
R16:	0	0	0	0	0	0	0	0
R24:	0	0	0	0	0	0	0	0

Data
364:	-1	-2	-3	1	2	4	-4	10
396:	7	9	1	0	-1	1	-1	0
428:	0	0	0	0	0	0	0	360

--------------------
Cycle:2	260	ADDI R2, R0, #3

Registers
R00:	0	0	0	0	0	0	0	0
R08:	0	0	0	0	0	0	0	0
R16:	0	0	0	0	0	0	0	0
R24:	0	0	0	0	0	0	0	0

Data
364:	-1	-2	-3	1	2	4	-4	10
396:	7	9	1	0	-1	1	-1	0
428:	0	0	0	0	0	0	0	360

--------------------
Cycle:3	264	BEQ R1, R2, #68

Registers
R00:	0	0	3	0	0	0	0	0
R08:	0	0	0	0	0	0	0	0
R16:	0	0	0	0	0	0	0	0
R24:	0	0	0	0	0	0	0	0

Data
364:	-1	-2	-3	1	2	4	-4	10
396:	7	9	1	0	-1	1	-1	0
428:	0	0	0	0	0	0	0	360

--------------------
Cycle:4	268	SLL R16, R1, #2

Registers
R00:	0	0	3	0	0	0	0	0
R08:	0	0	0	0	0	0	0	0
R16:	0	0	0	0	0	0	0	0
R24:	0	0	0	0	0	0	0	0

Data
364:	-1	-2	-3	1	2	4	-4	10
396:	7	9	1	0	-1	1	-1	0
428:	0	0	0	0	0	0	0	360

--------------------
Cycle:5	272	LW R3, 364(R16)

Registers
R00:	0	0	3	0	0	0	0	0
R08:	0	0	0	0	0	0	0	0
R16:	0	0	0	0	0	0	0	0
R24:	0	0	0	0	0	0	0	0

Data
364:	-1	-2	-3	1	2	4	-4	10
396:	7	9	1	0	-1	1	-1	0
428:	0	0	0	0	0	0	0	360

--------------------
Cycle:6	276	LW R4, 384(R16)

Registers
R00:	0	0	3	-1	0	0	0	0
R08:	0	0	0	0	0	0	0	0
R16:	0	0	0	0	0	0	0	0
R24:	0	0	0	0	0	0	0	0

Data
364:	-1	-2	-3	1	2	4	-4	10
396:	7	9	1	0	-1	1	-1	0
428:	0	0	0	0	0	0	0	360

--------------------
Cycle:7	280	LW R5, 404(R16)

Registers
R00:	0	0	3	-1	4	0	0	0
R08:	0	0	0	0	0	0	0	0
R16:	0	0	0	0	0	0	0	0
R24:	0	0	0	0	0	0	0	0

Data
364:	-1	-2	-3	1	2	4	-4	10
396:	7	9	1	0	-1	1	-1	0
428:	0	0	0	0	0	0	0	360

--------------------
Cycle:8	284	MUL R5, R3, R4

Registers
R00:	0	0	3	-1	4	1	0	0
R08:	0	0	0	0	0	0	0	0
R16:	0	0	0	0	0	0	0	0
R24:	0	0	0	0	0	0	0	0

Data
364:	-1	-2	-3	1	2	4	-4	10
396:	7	9	1	0	-1	1	-1	0
428:	0	0	0	0	0	0	0	360

--------------------
Cycle:9	288	BEQ R5, R0, #28

Registers
R00:	0	0	3	-1	4	-4	0	0
R08:	0	0	0	0	0	0	0	0
R16:	0	0	0	0	0	0	0	0
R24:	0	0	0	0	0	0	0	0

Data
364:	-1	-2	-3	1	2	4	-4	10
396:	7	9	1	0	-1	1	-1	0
428:	0	0	0	0	0	0	0	360

--------------------
Cycle:10	292	BGTZ R5, #16

Registers
R00:	0	0	3	-1	4	-4	0	0
R08:	0	0	0	0	0	0	0	0
R16:	0	0	0	0	0	0	0	0
R24:	0	0	0	0	0	0	0	0

Data
364:	-1	-2	-3	1	2	4	-4	10
396:	7	9	1	0	-1	1	-1	0
428:	0	0	0	0	0	0	0	360

--------------------
Cycle:11	296	ADD R6, R3, R4

Registers
R00:	0	0	3	-1	4	-4	0	0
R08:	0	0	0	0	0	0	0	0
R16:	0	0	0	0	0	0	0	0
R24:	0	0	0	0	0	0	0	0

Data
364:	-1	-2	-3	1	2	4	-4	10
396:	7	9	1	0	-1	1	-1	0
428:	0	0	0	0	0	0	0	360

--------------------
Cycle:12	300	SUB R5, R6, R5

Registers
R00:	0	0	3	-1	4	-4	3	0
R08:	0	0	0	0	0	0	0	0
R16:	0	0	0	0	0	0	0	0
R24:	0	0	0	0	0	0	0	0

Data
364:	-1	-2	-3	1	2	4	-4	10
396:	7	9	1	0	-1	1	-1	0
428:	0	0	0	0	0	0	0	360

--------------------
Cycle:13	304	SRL R8, R3, #8

Registers
R00:	0	0	3	-1	4	7	3	0
R08:	0	0	0	0	0	0	0	0
R16:	0	0	0	0	0	0	0	0
R24:	0	0	0	0	0	0	0	0

Data
364:	-1	-2	-3	1	2	4	-4	10
396:	7	9	1	0	-1	1	-1	0
428:	0	0	0	0	0	0	0	360

--------------------
Cycle:14	308	SRA R8, R3, #8

Registers
R00:	0	0	3	-1	4	7	3	0
R08:	16777215	0	0	0	0	0	0	0
R16:	0	0	0	0	0	0	0	0
R24:	0	0	0	0	0	0	0	0

Data
364:	-1	-2	-3	1	2	4	-4	10
396:	7	9	1	0	-1	1	-1	0
428:	0	0	0	0	0	0	0	360

--------------------
Cycle:15	312	AND R8, R4, R5

Registers
R00:	0	0	3	-1	4	7	3	0
R08:	-1	0	0	0	0	0	0	0
R16:	0	0	0	0	0	0	0	0
R24:	0	0	0	0	0	0	0	0

Data
364:	-1	-2	-3	1	2	4	-4	10
396:	7	9	1	0	-1	1	-1	0
428:	0	0	0	0	0	0	0	360

--------------------
Cycle:16	316	OR R8, R4, R5

Registers
R00:	0	0	3	-1	4	7	3	0
R08:	4	0	0	0	0	0	0	0
R16:	0	0	0	0	0	0	0	0
R24:	0	0	0	0	0	0	0	0

Data
364:	-1	-2	-3	1	2	4	-4	10
396:	7	9	1	0	-1	1	-1	0
428:	0	0	0	0	0	0	0	360

--------------------
Cycle:17	320	XOR R8, R4, R5

Registers
R00:	0	0	3	-1	4	7	3	0
R08:	7	0	0	0	0	0	0	0
R16:	0	0	0	0	0	0	0	0
R24:	0	0	0	0	0	0	0	0

Data
364:	-1	-2	-3	1	2	4	-4	10
396:	7	9	1	0	-1	1	-1	0
428:	0	0	0	0	0	0	0	360

--------------------
Cycle:18	324	NOR R8, R4, R5

Registers
R00:	0	0	3	-1	4	7	3	0
R08:	3	0	0	0	0	0	0	0
R16:	0	0	0	0	0	0	0	0
R24:	0	0	0	0	0	0	0	0

Data
364:	-1	-2	-3	1	2	4	-4	10
396:	7	9	1	0	-1	1	-1	0
428:	0	0	0	0	0	0	0	360

--------------------
Cycle:19	328	SLT R8, R4, R5

Registers
R00:	0	0	3	-1	4	7	3	0
R08:	-8	0	0	0	0	0	0	0
R16:	0	0	0	0	0	0	0	0
R24:	0	0	0	0	0	0	0	0

Data
364:	-1	-2	-3	1	2	4	-4	10
396:	7	9	1	0	-1	1	-1	0
428:	0	0	0	0	0	0	0	360

--------------------
Cycle:20	332	ANDI R8, R4, #7

Registers
R00:	0	0	3	-1	4	7	3	0
R08:	1	0	0	0	0	0	0	0
R16:	0	0	0	0	0	0	0	0
R24:	0	0	0	0	0	0	0	0

Data
364:	-1	-2	-3	1	2	4	-4	10
396:	7	9	1	0	-1	1	-1	0
428:	0	0	0	0	0	0	0	360

--------------------
Cycle:21	336	ORI R8, R4, #7

Registers
R00:	0	0	3	-1	4	7	3	0
R08:	4	0	0	0	0	0	0	0
R16:	0	0	0	0	0	0	0	0
R24:	0	0	0	0	0	0	0	0

Data
364:	-1	-2	-3	1	2	4	-4	10
396:	7	9	1	0	-1	1	-1	0
428:	0	0	0	0	0	0	0	360

--------------------
Cycle:22	340	XORI R8, R4, #7

Registers
R00:	0	0	3	-1	4	7	3	0
R08:	7	0	0	0	0	0	0	0
R16:	0	0	0	0	0	0	0	0
R24:	0	0	0	0	0	0	0	0

Data
364:	-1	-2	-3	1	2	4	-4	10
396:	7	9	1	0	-1	1	-1	0
428:	0	0	0	0	0	0	0	360

--------------------
Cycle:23	344	NOP

Registers
R00:	0	0	3	-1	4	7	3	0
R08:	3	0	0	0	0	0	0	0
R16:	0	0	0	0	0	0	0	0
R24:	0	0	0	0	0	0	0	0

Data
364:	-1	-2	-3	1	2	4	-4	10
396:	7	9	1	0	-1	1	-1	0
428:	0	0	0	0	0	0	0	360

--------------------
Cycle:24	348	LW R8, 456(R16)

Registers
R00:	0	0	3	-1	4	7	3	0
R08:	3	0	0	0	0	0	0	0
R16:	0	0	0	0	0	0	0	0
R24:	0	0	0	0	0	0	0	0

Data
364:	-1	-2	-3	1	2	4	-4	10
396:	7	9	1	0	-1	1	-1	0
428:	0	0	0	0	0	0	0	360

--------------------
Cycle:25	352	JR R8

Registers
R00:	0	0	3	-1	4	7	3	0
R08:	360	0	0	0	0	0	0	0
R16:	0	0	0	0	0	0	0	0
R24:	0	0	0	0	0	0	0	0

Data
364:	-1	-2	-3	1	2	4	-4	10
396:	7	9	1	0	-1	1	-1	0
428:	0	0	0	0	0	0	0	360

--------------------
Cycle:26	360	BREAK

Registers
R00:	0	0	3	-1	4	7	3	0
R08:	360	0	0	0	0	0	0	0
R16:	0	0	0	0	0	0	0	0
R24:	0	0	0	0	0	0	0	0

Data
364:	-1	-2	-3	1	2	4	-4	10
396:	7	9	1	0	-1	1	-1	0
428:	0	0	0	0	0	0	0	360

